$ANSIBLE_VAULT;1.1;AES256
39383362333364303633616661623536303833393435366134383038396561616265303534363532
3961363330633930343261356365663066636562383238310a303736306665323465613434356332
33343838633039373064366266383932343866376266363035343066383235323165323233376434
3166636565313637650a386138313534633037386266323735326333396639663461353734653338
34306431373331303939666534306636303038323361306561623163383061313066643839373737
39333630313663306264643234656536623435653937326161373364663834353730346431666166
38323434643232363836643961393463313537396239383837326137653538386461393361653461
64656633386333316562343562306531323439353732383535326236313937336137666566356633
37323066393866346439313936316538653966643438663136663336343762336165316332393838
38343336346162393834333137316662363465353262636264343365643666653232653635626631
31313761343163666362346133633765666461663236306233323861613661663233366163623466
39626232376533303834373436373833343038663537373364336638346132396266643538343430
31373439376365646461313564383932616531656561643363373333616532623733376439353763
39303935333538343861626361363732396331616131376234353761663065646564636432633364
66343031313561306337343039376134376361303661626135363932646531343631306636653265
35666137666136353631383361346233363433643262363038333664353739383534663863636635
66343537623961343534366134393934353034356636653735313030316132366266353266363631
63623661343931356530656565333737646465386266383934303337626564393833663037316561
38313166363831313632653465653231633530643932353434356637386634333461303432656132
66656236613866366266643633376535346132343065356438303232363834633536343136376335
32626463626135336534643664386139396661623561626661386265646533643838353136316666
61623163373562613866333030303862373539386162313264333765373031373661363434366433
31656638643330373332316266343831363464643638366461343164663735636361636532663334
61376661663262643438643762323639663466386361656665623363636164336166316666396663
38333939343235663837393163313064306130373136343662626466333861616663663533313835
32343461333031663532316338363138306664663636326566306136626631316136373333353637
35643338626336303737303532396130396130303637643661643033316638356665386166623434
36303262656435646262636464393733393064373130336437643434633562313930333134613562
66626366333739363061613631623566633261653034393930643531353061306636626365383339
37653961303830336363316461353461346333363661343230303664663837633338356465393931
62343664663966316531653238366633336536313339326435376434616138636263373439366362
66663433663433633234656534636238343730326330643634386462323363393130366365383030
61666430623230353132663563616234343939373130653336663337663330363530323462353432
62336339633834343564303662643930383434633264356330393933386236396564656136323239
36626136336361653833333732373130343766356536646633383135373763386331643366393330
39373937663035396331383534313262336438643135633637356539653662376638313332636661
62653735316339303865643662303739306135376332623962393466643164323863633666356132
66353561353964343635373133363261346166626466353233633862653134386337643961626264
34336565393736666532376539643535386331623566343336643835346364376462343639363030
61303238333631383232653336373034633533663765646163666535366239333439313038363337
30643262396432393636316362316162383931643363303734646462343235383661323135333162
32363238373562313764376462313839613931306636323136313734353565336535333931323566
31326131393262646663323839623032366663393135343032646662636430396632343833363737
38636331376532386133356330626230656234386336343938623738303835633462346433626238
36336664303734326130376131643464393063313134383736313731363365393763303633396261
30343962353761346235366432383939313631316432373234633836663034663839346239346436
64373632653134333264626439303933363139333161343233346336613632386465656139393033
34626638663530613432643064363232363931626134336632326263313464663465396632306637
66396333363463353232393630373061376664643734663763333965643538323633336334376439
3465366436363132363234343438353535633239623639393266
